<?xml version="1.0"?>
<opencv_storage>
<images>
  GOPR01170000.jpg GOPR01170001.jpg GOPR01170002.jpg GOPR01170003.jpg
  GOPR01170004.jpg GOPR01170005.jpg GOPR01170006.jpg GOPR01170007.jpg
  GOPR01170008.jpg GOPR01170009.jpg GOPR01170010.jpg GOPR01170011.jpg
  GOPR01170012.jpg GOPR01170013.jpg GOPR01170014.jpg GOPR01170015.jpg
  GOPR01170016.jpg GOPR01170017.jpg GOPR01170018.jpg GOPR01170019.jpg
  GOPR01170020.jpg GOPR01170021.jpg GOPR01170022.jpg GOPR01170023.jpg
  GOPR01170024.jpg GOPR01170025.jpg GOPR01170026.jpg GOPR01170027.jpg
  GOPR01170028.jpg GOPR01170029.jpg GOPR01170030.jpg GOPR01170031.jpg
  GOPR01170032.jpg GOPR01170033.jpg GOPR01170034.jpg GOPR01170035.jpg
  GOPR01170036.jpg GOPR01170037.jpg GOPR01170038.jpg GOPR01170039.jpg
  GOPR01170040.jpg GOPR01170041.jpg GOPR01170042.jpg GOPR01170043.jpg
  GOPR01170044.jpg GOPR01170045.jpg GOPR01170046.jpg GOPR01170047.jpg
  GOPR01170048.jpg GOPR01170049.jpg GOPR01170050.jpg GOPR01170051.jpg
  GOPR01170052.jpg GOPR01170053.jpg GOPR01170054.jpg GOPR01170055.jpg
  GOPR01170056.jpg GOPR01170057.jpg GOPR01170058.jpg GOPR01170059.jpg
  GOPR01170060.jpg GOPR01170061.jpg GOPR01170062.jpg GOPR01170063.jpg
  GOPR01170064.jpg GOPR01170065.jpg GOPR01170066.jpg GOPR01170067.jpg
  GOPR01170068.jpg GOPR01170069.jpg GOPR01170070.jpg GOPR01170071.jpg
  GOPR01170072.jpg GOPR01170073.jpg GOPR01170074.jpg GOPR01170075.jpg
  GOPR01170076.jpg GOPR01170077.jpg GOPR01170078.jpg GOPR01170079.jpg
  GOPR01170080.jpg GOPR01170081.jpg GOPR01170082.jpg GOPR01170083.jpg
  GOPR01170084.jpg GOPR01170085.jpg GOPR01170086.jpg GOPR01170087.jpg
  GOPR01170088.jpg GOPR01170089.jpg GOPR01170090.jpg GOPR01170091.jpg
  GOPR01170092.jpg GOPR01170093.jpg GOPR01170094.jpg GOPR01170095.jpg
  GOPR01170096.jpg GOPR01170097.jpg GOPR01170098.jpg GOPR01170099.jpg
  GOPR01170100.jpg GOPR01170101.jpg GOPR01170102.jpg GOPR01170103.jpg
  GOPR01170104.jpg GOPR01170105.jpg GOPR01170106.jpg GOPR01170107.jpg
  GOPR01170108.jpg GOPR01170109.jpg GOPR01170110.jpg GOPR01170111.jpg
  GOPR01170112.jpg GOPR01170113.jpg GOPR01170114.jpg GOPR01170115.jpg
  GOPR01170116.jpg GOPR01170117.jpg GOPR01170118.jpg GOPR01170119.jpg
  GOPR01170120.jpg GOPR01170121.jpg GOPR01170122.jpg GOPR01170123.jpg
  GOPR01170124.jpg GOPR01170125.jpg GOPR01170126.jpg GOPR01170127.jpg
  GOPR01170128.jpg GOPR01170129.jpg GOPR01170130.jpg GOPR01170131.jpg
  GOPR01170132.jpg GOPR01170133.jpg GOPR01170134.jpg GOPR01170135.jpg
  GOPR01170136.jpg GOPR01170137.jpg GOPR01170138.jpg GOPR01170139.jpg
  GOPR01170140.jpg GOPR01170141.jpg GOPR01170142.jpg GOPR01170143.jpg
  GOPR01170144.jpg GOPR01170145.jpg GOPR01170146.jpg GOPR01170147.jpg
  GOPR01170148.jpg GOPR01170149.jpg GOPR01170150.jpg GOPR01170151.jpg
  GOPR01170152.jpg GOPR01170153.jpg GOPR01170154.jpg GOPR01170155.jpg
  GOPR01170156.jpg GOPR01170157.jpg GOPR01170158.jpg GOPR01170159.jpg
  GOPR01170160.jpg GOPR01170161.jpg GOPR01170162.jpg GOPR01170163.jpg
  GOPR01170164.jpg GOPR01170165.jpg GOPR01170166.jpg GOPR01170167.jpg
  GOPR01170168.jpg GOPR01170169.jpg GOPR01170170.jpg GOPR01170171.jpg
  GOPR01170172.jpg GOPR01170173.jpg GOPR01170174.jpg GOPR01170175.jpg
  GOPR01170176.jpg GOPR01170177.jpg GOPR01170178.jpg GOPR01170179.jpg
  GOPR01170180.jpg GOPR01170181.jpg GOPR01170182.jpg GOPR01170183.jpg
  GOPR01170184.jpg GOPR01170185.jpg GOPR01170186.jpg GOPR01170187.jpg
  GOPR01170188.jpg GOPR01170189.jpg GOPR01170190.jpg GOPR01170191.jpg
  GOPR01170192.jpg GOPR01170193.jpg GOPR01170194.jpg GOPR01170195.jpg
  GOPR01170196.jpg GOPR01170197.jpg GOPR01170198.jpg GOPR01170199.jpg
  GOPR01170200.jpg GOPR01170201.jpg GOPR01170202.jpg GOPR01170203.jpg
  GOPR01170204.jpg GOPR01170205.jpg GOPR01170206.jpg GOPR01170207.jpg
  GOPR01170208.jpg GOPR01170209.jpg GOPR01170210.jpg GOPR01170211.jpg
  GOPR01170212.jpg GOPR01170213.jpg GOPR01170214.jpg GOPR01170215.jpg
  GOPR01170216.jpg GOPR01170217.jpg GOPR01170218.jpg GOPR01170219.jpg
  GOPR01170220.jpg GOPR01170221.jpg GOPR01170222.jpg GOPR01170223.jpg
  GOPR01170224.jpg GOPR01170225.jpg GOPR01170226.jpg GOPR01170227.jpg
  GOPR01170228.jpg GOPR01170229.jpg GOPR01170230.jpg GOPR01170231.jpg
  GOPR01170232.jpg GOPR01170233.jpg GOPR01170234.jpg GOPR01170235.jpg
  GOPR01170236.jpg GOPR01170237.jpg GOPR01170238.jpg GOPR01170239.jpg
  GOPR01170240.jpg GOPR01170241.jpg GOPR01170242.jpg GOPR01170243.jpg
  GOPR01170244.jpg GOPR01170245.jpg GOPR01170246.jpg GOPR01170247.jpg
  GOPR01170248.jpg GOPR01170249.jpg GOPR01170250.jpg GOPR01170251.jpg
  GOPR01170252.jpg GOPR01170253.jpg GOPR01170254.jpg GOPR01170255.jpg
  GOPR01170256.jpg GOPR01170257.jpg GOPR01170258.jpg GOPR01170259.jpg
  GOPR01170260.jpg GOPR01170261.jpg GOPR01170262.jpg GOPR01170263.jpg
  GOPR01170264.jpg GOPR01170265.jpg GOPR01170266.jpg GOPR01170267.jpg
  GOPR01170268.jpg GOPR01170269.jpg GOPR01170270.jpg GOPR01170271.jpg
  GOPR01170272.jpg GOPR01170273.jpg GOPR01170274.jpg GOPR01170275.jpg
  GOPR01170276.jpg GOPR01170277.jpg GOPR01170278.jpg GOPR01170279.jpg
  GOPR01170280.jpg GOPR01170281.jpg GOPR01170282.jpg GOPR01170283.jpg
  GOPR01170284.jpg GOPR01170285.jpg GOPR01170286.jpg GOPR01170287.jpg
  GOPR01170288.jpg GOPR01170289.jpg GOPR01170290.jpg GOPR01170291.jpg
  GOPR01170292.jpg GOPR01170293.jpg GOPR01170294.jpg GOPR01170295.jpg
  GOPR01170296.jpg GOPR01170297.jpg GOPR01170298.jpg GOPR01170299.jpg
  GOPR01170300.jpg GOPR01170301.jpg GOPR01170302.jpg GOPR01170303.jpg
  GOPR01170304.jpg GOPR01170305.jpg GOPR01170306.jpg GOPR01170307.jpg
  GOPR01170308.jpg GOPR01170309.jpg GOPR01170310.jpg GOPR01170311.jpg
  GOPR01170312.jpg GOPR01170313.jpg GOPR01170314.jpg GOPR01170315.jpg
  GOPR01170316.jpg GOPR01170317.jpg GOPR01170318.jpg GOPR01170319.jpg
  GOPR01170320.jpg GOPR01170321.jpg GOPR01170322.jpg GOPR01170323.jpg
  GOPR01170324.jpg GOPR01170325.jpg GOPR01170326.jpg GOPR01170327.jpg
  GOPR01170328.jpg GOPR01170329.jpg GOPR01170330.jpg GOPR01170331.jpg
  GOPR01170332.jpg GOPR01170333.jpg GOPR01170334.jpg GOPR01170335.jpg
  GOPR01170336.jpg GOPR01170337.jpg GOPR01170338.jpg GOPR01170339.jpg
  GOPR01170340.jpg GOPR01170341.jpg GOPR01170342.jpg GOPR01170343.jpg
  GOPR01170344.jpg GOPR01170345.jpg GOPR01170346.jpg GOPR01170347.jpg
  GOPR01170348.jpg GOPR01170349.jpg GOPR01170350.jpg GOPR01170351.jpg
  GOPR01170352.jpg GOPR01170353.jpg GOPR01170354.jpg GOPR01170355.jpg
  GOPR01170356.jpg GOPR01170357.jpg GOPR01170358.jpg GOPR01170359.jpg
  GOPR01170360.jpg GOPR01170361.jpg GOPR01170362.jpg GOPR01170363.jpg
  GOPR01170364.jpg GOPR01170365.jpg GOPR01170366.jpg GOPR01170367.jpg
  GOPR01170368.jpg GOPR01170369.jpg GOPR01170370.jpg GOPR01170371.jpg
  GOPR01170372.jpg GOPR01170373.jpg GOPR01170374.jpg GOPR01170375.jpg
  GOPR01170376.jpg GOPR01170377.jpg GOPR01170378.jpg GOPR01170379.jpg
  GOPR01170380.jpg GOPR01170381.jpg GOPR01170382.jpg GOPR01170383.jpg
  GOPR01170384.jpg GOPR01170385.jpg GOPR01170386.jpg GOPR01170387.jpg
  GOPR01170388.jpg GOPR01170389.jpg GOPR01170390.jpg GOPR01170391.jpg
  GOPR01170392.jpg GOPR01170393.jpg GOPR01170394.jpg GOPR01170395.jpg
  GOPR01170396.jpg GOPR01170397.jpg GOPR01170398.jpg GOPR01170399.jpg
  GOPR01170400.jpg GOPR01170401.jpg GOPR01170402.jpg GOPR01170403.jpg
  GOPR01170404.jpg GOPR01170405.jpg GOPR01170406.jpg GOPR01170407.jpg
  GOPR01170408.jpg GOPR01170409.jpg GOPR01170410.jpg GOPR01170411.jpg
  GOPR01170412.jpg GOPR01170413.jpg GOPR01170414.jpg GOPR01170415.jpg
  GOPR01170416.jpg GOPR01170417.jpg GOPR01170418.jpg GOPR01170419.jpg
  GOPR01170420.jpg GOPR01170421.jpg GOPR01170422.jpg GOPR01170423.jpg
  GOPR01170424.jpg GOPR01170425.jpg GOPR01170426.jpg GOPR01170427.jpg
  GOPR01170428.jpg GOPR01170429.jpg GOPR01170430.jpg GOPR01170431.jpg
  GOPR01170432.jpg GOPR01170433.jpg GOPR01170434.jpg GOPR01170435.jpg
  GOPR01170436.jpg GOPR01170437.jpg GOPR01170438.jpg GOPR01170439.jpg
  GOPR01170440.jpg GOPR01170441.jpg GOPR01170442.jpg GOPR01170443.jpg
  GOPR01170444.jpg GOPR01170445.jpg GOPR01170446.jpg GOPR01170447.jpg
  GOPR01170448.jpg GOPR01170449.jpg GOPR01170450.jpg GOPR01170451.jpg
